Sobol2
alpha is 1
exact solution is 1.8086726247742881
stochastic dimensions is equal to 1
params is equal to 0.6
number of shifts is 16
n            a                      Q                 tot rel err               Iab        trunc rel err      box cub rel err 
16        2.35482005       1.7545868321808809       2.99036e-02        1.7566277154512409       2.87752e-02       1.16317e-03
32        2.63276885       1.7840637778954798       1.36060e-02        1.7840323498190149       1.36234e-02       1.76160e-05
64        2.88405377       1.7969563095575884       6.47785e-03        1.7969003261502574       6.50881e-03       3.11546e-05
128       3.11513411       1.8031472350022439       3.05494e-03        1.8030115291691597       3.12997e-03       7.52605e-05
256       3.33021844       1.8058871785223420       1.54005e-03        1.8059369688435516       1.51252e-03       2.75711e-05
512       3.53223007       1.8073102163876134       7.53264e-04        1.8073456091128062       7.33696e-04       1.95831e-05
1024       3.72329741       1.8080153324905277       3.63411e-04        1.8080269469231367       3.56990e-04       6.42386e-06
2048       3.90502727       1.8083784878808444       1.62626e-04        1.8083576747158623       1.74133e-04       1.15093e-05
4096       4.07866796       1.8085150172231357       8.71399e-05        1.8085186769392649       8.51165e-05       2.02360e-06
8192       4.24521221       1.8085981412844288       4.11813e-05        1.8085972418623733       4.16786e-05       4.97303e-07
16384       4.40546491       1.8086361341810941       2.01753e-05        1.8086356563865920       2.04395e-05       2.64174e-07
32768       4.56008941       1.8086544121769799       1.00696e-05        1.8086544713351367       1.00369e-05       3.27084e-08
65536       4.70964009       1.8086636494229649       4.96240e-06        1.8086637002116792       4.93432e-06       2.80808e-08
131072       4.85458589       1.8086680547892433       2.52671e-06        1.8086682328393895       2.42826e-06       9.84427e-08
262144       4.99532767       1.8086704457403875       1.20477e-06        1.8086704614740183       1.19607e-06       8.69900e-09
524288       5.13221130       1.8086715680209335       5.84270e-07        1.8086715583540112       5.89615e-07       5.34476e-09
1048576       5.26553770       1.8086720846406805       2.98635e-07        1.8086720986897378       2.90868e-07       7.76761e-09



Lattice
alpha is 1
exact solution is 1.8086726247742881
stochastic dimensions is equal to 1
params is equal to 0.6
number of shifts is 16
n            a                      Q                 tot rel err               Iab        trunc rel err      box cub rel err 
16        2.35482005       1.7565452635136132       2.88208e-02        1.7566277154512409       2.87752e-02       4.69398e-05
32        2.63276885       1.7838884320645088       1.37030e-02        1.7840323498190149       1.36234e-02       8.06764e-05
64        2.88405377       1.7969557498439626       6.47816e-03        1.7969003261502574       6.50881e-03       3.08431e-05
128       3.11513411       1.8030948830413984       3.08389e-03        1.8030115291691597       3.12997e-03       4.62282e-05
256       3.33021844       1.8059146544991802       1.52486e-03        1.8059369688435516       1.51252e-03       1.23563e-05
512       3.53223007       1.8073363884207081       7.38794e-04        1.8073456091128062       7.33696e-04       5.10181e-06
1024       3.72329741       1.8080198656616859       3.60905e-04        1.8080269469231367       3.56990e-04       3.91658e-06
2048       3.90502727       1.8083522536099870       1.77131e-04        1.8083576747158623       1.74133e-04       2.99782e-06
4096       4.07866796       1.8085227835794337       8.28459e-05        1.8085186769392649       8.51165e-05       2.27072e-06
8192       4.24521221       1.8085972831814034       4.16557e-05        1.8085972418623733       4.16786e-05       2.28459e-08
16384       4.40546491       1.8086358499437150       2.03325e-05        1.8086356563865920       2.04395e-05       1.07018e-07
32768       4.56008941       1.8086542810276902       1.01421e-05        1.8086544713351367       1.00369e-05       1.05220e-07
65536       4.70964009       1.8086636777173428       4.94675e-06        1.8086637002116792       4.93432e-06       1.24370e-08
131072       4.85458589       1.8086683806391219       2.34655e-06        1.8086682328393895       2.42826e-06       8.17174e-08
262144       4.99532767       1.8086704586561879       1.19763e-06        1.8086704614740183       1.19607e-06       1.55796e-09
524288       5.13221130       1.8086715628773382       5.87114e-07        1.8086715583540112       5.89615e-07       2.50091e-09
1048576       5.26553770       1.8086721079182591       2.85765e-07        1.8086720986897378       2.90868e-07       5.10237e-09





Sobol2
alpha is 3
exact solution is 2.293876199638861
stochastic dimensions is equal to 1
params is equal to 2.6
number of shifts is 16
n            a                      Q                 tot rel err               Iab        trunc rel err      box cub rel err 
16        4.07866796       2.2338868252635127       2.61520e-02        2.2918103039694016       9.00613e-04       2.59295e-02
32        4.56008941       2.2883326230239849       2.41669e-03        2.2935742611809697       1.31628e-04       2.29059e-03
64        4.99532767       2.2929864039900263       3.87900e-04        2.2938331788643964       1.87546e-05       3.69289e-04
128       5.39557055       2.2734820090117447       8.89071e-03        2.2938701813277791       2.62364e-06       8.96782e-03
256       5.76810755       2.2796726763743611       6.19193e-03        2.2938753692891276       3.61985e-07       6.23015e-03
512       6.11800194       2.2978834656307803       1.74694e-03        2.2938760863071757       4.94062e-08       1.74394e-03
1024       6.44894029       2.2892203277785841       2.02970e-03        2.2938761843042998       6.68500e-09       2.03382e-03
2048       6.76370564       2.2929042246054863       4.23726e-04        2.2938761975787152       8.98107e-10       4.23905e-04
4096       7.06446014       2.2935465113581501       1.43725e-04        2.2938761993637291       1.19942e-10       1.43746e-04
8192       7.35292323       2.2937162121040400       6.97455e-05        2.2938761996023018       1.59377e-11       6.97503e-05
16384       7.63048905       2.2940011602062294       5.44757e-05        2.2938761996340240       2.10867e-12       5.44728e-05
32768       7.89830654       2.2938462445702110       1.30587e-05        2.2938761996382238       2.77813e-13       1.30589e-05
65536       8.15733592       2.2939204507986437       1.92910e-05        2.2938761996387775       3.63964e-14       1.92906e-05
131072       8.40838941       2.2938574020785669       8.19467e-06        2.2938761996388504       4.64635e-15       8.19474e-06
262144       8.65216132       2.2938689615537555       3.15539e-06        2.2938761996388597       5.80793e-16       3.15540e-06
524288       8.88925073       2.2938721432630680       1.76835e-06        2.2938761996388610       0.00000e+00       1.76835e-06
1048576       9.12017882       2.2938801814349672       1.73584e-06        2.2938761996388610       0.00000e+00       1.73583e-06




Lattice
alpha is 3
exact solution is 2.293876199638861
stochastic dimensions is equal to 1
params is equal to 2.6
number of shifts is 16
n            a                      Q                 tot rel err               Iab        trunc rel err      box cub rel err 
16        4.07866796       2.3014330960476181       3.29438e-03        2.2918103039694016       9.00613e-04       4.18122e-03
32        4.56008941       2.3069890343003916       5.71645e-03        2.2935742611809697       1.31628e-04       5.81484e-03
64        4.99532767       2.3485744922281868       2.38454e-02        2.2938331788643964       1.87546e-05       2.33083e-02
128       5.39557055       2.3137274084946182       8.65400e-03        2.2938701813277791       2.62364e-06       8.58235e-03
256       5.76810755       2.2936356020124515       1.04887e-04        2.2938753692891276       3.61985e-07       1.04536e-04
512       6.11800194       2.2940624216965300       8.11823e-05        2.2938760863071757       4.94062e-08       8.12251e-05
1024       6.44894029       2.2946296807545896       3.28475e-04        2.2938761843042998       6.68500e-09       3.28374e-04
2048       6.76370564       2.2945139698729955       2.78032e-04        2.2938761975787152       8.98107e-10       2.77955e-04
4096       7.06446014       2.2933755105810967       2.18272e-04        2.2938761993637291       1.19942e-10       2.18320e-04
8192       7.35292323       2.2939477569886555       3.11949e-05        2.2938761996023018       1.59377e-11       3.11940e-05
16384       7.63048905       2.2937837961025016       4.02827e-05        2.2938761996340240       2.10867e-12       4.02843e-05
32768       7.89830654       2.2938406036901737       1.55178e-05        2.2938761996382238       2.77813e-13       1.55181e-05
65536       8.15733592       2.2938964056896789       8.80869e-06        2.2938761996387775       3.63964e-14       8.80862e-06
131072       8.40838941       2.2938907121158945       6.32662e-06        2.2938761996388504       4.64635e-15       6.32658e-06
262144       8.65216132       2.2938705092842993       2.48067e-06        2.2938761996388597       5.80793e-16       2.48068e-06
524288       8.88925073       2.2938739729522948       9.70709e-07        2.2938761996388610       0.00000e+00       9.70710e-07
1048576       9.12017882       2.2938765120335241       1.36186e-07        2.2938761996388610       0.00000e+00       1.36186e-07

