
Shift= 16 s=1


Sobol 2 
[0.434349917, 0.879514607, 1.091592528, 1.760167996, 1.985368321, 2.419841077, 3.148384005, 3.720651415, 4.780315461, 6.012565414]

Lattice
[0.001035129, 0.001807748, 0.002444278, 0.003392933, 0.004714981, 0.017447498, 0.030380134, 0.130395828, 1.216653974, 8.632786915]



Shift = 8 s=1



Sobol2

[0.444361789, 0.908440315, 1.538302407, 1.769028881, 2.21437135, 2.644955533, 3.207670879, 4.012514291, 4.356795947, 6.16362335]



Lattice

[0.00105151, 0.001703395, 0.002610851, 0.003353491, 0.004967857, 0.009008636, 0.036389409, 0.129006354, 0.286084191, 8.657420303]




shift = 4 s=4


Sobol2 
[1.852090366, 1.332985206, 1.123725192, 1.991938566, 2.446801904, 3.105162456, 3.695151519, 4.91575244, 6.889127381, 8.996818964]


Lattice
[0.591247232, 0.001929242, 0.002250088, 0.003895818, 0.015804426, 0.026488062, 0.196666035, 0.166001362, 2.933933011, 32.719817955]


